255 255 255 255 255 255 255 255 255 255 255 255 255 255 255 255
255 214 152 152 152 152 152 152 152 152 152 152 152 152 214 255
255 152 146 193 193 193 193 193 193 193 193 193 193 146 152 255
255 152 193 255 255 254 253 252 252 253 254 255 255 193 152 255
255 152 193 255 254 251 251 251 251 251 251 254 255 193 152 255
255 152 193 254 251 251 249 199 199 249 251 251 254 193 152 255
255 152 193 253 251 249  98  40  84  98 249 251 253 193 152 255
255 152 193 252 251 199  86  91 166 122 198 251 252 193 152 255
255 152 193 252 251 199  92  97 167 128 198 251 252 193 152 255
255 152 193 253 251 249  98  40  89  98 249 251 253 193 152 255
255 152 193 254 251 251 249 198 198 249 251 251 254 193 152 255
255 152 193 255 254 251 251 251 251 251 251 254 255 193 152 255
255 152 193 255 255 254 253 252 252 253 254 255 255 193 152 255
255 152 146 193 193 193 193 193 193 193 193 193 193 146 152 255
255 214 152 152 152 152 152 152 152 152 152 152 152 152 214 255
255 255 255 255 255 255 255 255 255 255 255 255 255 255 255 255
255 255 255 255 255 255 255 255 255 255 255 255 255 255 255 255
255 214 152 152 152 152 152 152 152 152 152 152 152 152 214 255
255 152 146 193 193 193 193 193 193 193 193 193 193 146 152 255
255 152 193 255 255 254 243 234 234 243 254 255 255 193 152 255
255 152 193 255 251 225 218 218 218 218 225 251 255 193 152 255
255 152 193 254 225 218 217 188 188 217 218 225 254 193 152 255
255 152 193 243 218 217 130  97 122 130 216 218 243 193 152 255
255 152 193 234 218 188 123 126 169 144 187 218 234 193 152 255
255 152 193 234 218 188 126 130 170 147 187 218 234 193 152 255
255 152 193 243 218 217 130  97 125 130 216 218 243 193 152 255
255 152 193 254 225 218 216 187 187 216 218 225 254 193 152 255
255 152 193 255 251 225 218 218 218 218 225 250 255 193 152 255
255 152 193 255 255 254 243 234 234 243 254 255 255 193 152 255
255 152 146 193 193 193 193 193 193 193 193 193 193 146 152 255
255 214 152 152 152 152 152 152 152 152 152 152 152 152 214 255
255 255 255 255 255 255 255 255 255 255 255 255 255 255 255 255
255 255 255 255 255 255 255 255 255 255 255 255 255 255 255 255
255 214 152 152 152 152 152 152 152 152 152 152 152 152 214 255
255 152 146 193 193 193 193 193 193 193 193 193 193 146 152 255
255 152 193 255 255 253 206 171 170 206 253 255 255 193 152 255
255 152 193 255 238 129  97  97  97  97 128 238 255 193 152 255
255 152 193 253 129  97  98 130 130  98  97 128 253 193 152 255
255 152 193 206  97  98 198 236 207 198  98  97 206 193 152 255
255 152 193 171  97 130 206 203 152 181 131  97 170 193 152 255
255 152 193 171  97 130 202 199 151 177 131  97 170 193 152 255
255 152 193 206  97  98 198 237 204 198  98  97 206 193 152 255
255 152 193 253 128  97  98 131 131  98  97 128 253 193 152 255
255 152 193 255 238 128  97  97  97  97 128 238 255 193 152 255
255 152 193 255 255 253 206 170 170 206 253 255 255 193 152 255
255 152 146 193 193 193 193 193 193 193 193 193 193 146 152 255
255 214 152 152 152 152 152 152 152 152 152 152 152 152 214 255
255 255 255 255 255 255 255 255 255 255 255 255 255 255 255 255

255 255 255 255 255 255 255 255 255 255 255 255 255 255 255 255
255 214 152 152 152 152 152 152 152 152 152 152 152 152 214 255
255 152 146 193 193 193 193 193 193 193 193 193 193 146 152 255
255 152 193 255 255 254 253 252 252 253 254 255 255 193 152 255
255 152 193 255 254 251 251 251 251 251 251 254 255 193 152 255
255 152 193 254 251 251 249 198 198 249 251 251 254 193 152 255
255 152 193 253 251 249  98 122 128  98 249 251 253 193 152 255
255 152 193 252 251 199  84 166 167  89 198 251 252 193 152 255
255 152 193 252 251 199  40  91  97  40 198 251 252 193 152 255
255 152 193 253 251 249  98  86  92  98 249 251 253 193 152 255
255 152 193 254 251 251 249 199 199 249 251 251 254 193 152 255
255 152 193 255 254 251 251 251 251 251 251 254 255 193 152 255
255 152 193 255 255 254 253 252 252 253 254 255 255 193 152 255
255 152 146 193 193 193 193 193 193 193 193 193 193 146 152 255
255 214 152 152 152 152 152 152 152 152 152 152 152 152 214 255
255 255 255 255 255 255 255 255 255 255 255 255 255 255 255 255
255 255 255 255 255 255 255 255 255 255 255 255 255 255 255 255
255 214 152 152 152 152 152 152 152 152 152 152 152 152 214 255
255 152 146 193 193 193 193 193 193 193 193 193 193 146 152 255
255 152 193 255 255 254 243 234 234 243 254 255 255 193 152 255
255 152 193 255 251 225 218 218 218 218 225 250 255 193 152 255
255 152 193 254 225 218 216 187 187 216 218 225 254 193 152 255
255 152 193 243 218 217 130 144 147 130 216 218 243 193 152 255
255 152 193 234 218 188 122 169 170 125 187 218 234 193 152 255
255 152 193 234 218 188  97 126 130  97 187 218 234 193 152 255
255 152 193 243 218 217 130 123 126 130 216 218 243 193 152 255
255 152 193 254 225 218 217 188 188 217 218 225 254 193 152 255
255 152 193 255 251 225 218 218 218 218 225 251 255 193 152 255
255 152 193 255 255 254 243 234 234 243 254 255 255 193 152 255
255 152 146 193 193 193 193 193 193 193 193 193 193 146 152 255
255 214 152 152 152 152 152 152 152 152 152 152 152 152 214 255
255 255 255 255 255 255 255 255 255 255 255 255 255 255 255 255
255 255 255 255 255 255 255 255 255 255 255 255 255 255 255 255
255 214 152 152 152 152 152 152 152 152 152 152 152 152 214 255
255 152 146 193 193 193 193 193 193 193 193 193 193 146 152 255
255 152 193 255 255 253 206 170 170 206 253 255 255 193 152 255
255 152 193 255 238 128  97  97  97  97 128 238 255 193 152 255
255 152 193 253 128  97  98 131 131  98  97 128 253 193 152 255
255 152 193 206  97  98 198 181 177 198  98  97 206 193 152 255
255 152 193 170  97 130 207 152 151 204 131  97 170 193 152 255
255 152 193 171  97 130 236 203 199 237 131  97 170 193 152 255
255 152 193 206  97  98 198 206 202 198  98  97 206 193 152 255
255 152 193 253 129  97  98 130 130  98  97 128 253 193 152 255
255 152 193 255 238 129  97  97  97  97 128 238 255 193 152 255
255 152 193 255 255 253 206 171 171 206 253 255 255 193 152 255
255 152 146 193 193 193 193 193 193 193 193 193 193 146 152 255
255 214 152 152 152 152 152 152 152 152 152 152 152 152 214 255
255 255 255 255 255 255 255 255 255 255 255 255 255 255 255 255

255 255 255 255 255 255 255 255 255 255 255 255 255 255 255 255
255 214 152 152 152 152 152 152 152 152 152 152 152 152 214 255
255 152 146 193 193 193 193 193 193 193 193 193 193 146 152 255
255 152 193 255 255 254 253 252 252 253 254 255 255 193 152 255
255 152 193 255 254 251 251 251 251 251 251 254 255 193 152 255
255 152 193 254 251 251 249 198 198 249 251 251 254 193 152 255
255 152 193 253 251 249  98  89  40  98 249 251 253 193 152 255
255 152 193 252 251 198 128 167  97  92 199 251 252 193 152 255
255 152 193 252 251 198 122 166  91  86 199 251 252 193 152 255
255 152 193 253 251 249  98  84  40  98 249 251 253 193 152 255
255 152 193 254 251 251 249 199 199 249 251 251 254 193 152 255
255 152 193 255 254 251 251 251 251 251 251 254 255 193 152 255
255 152 193 255 255 254 253 252 252 253 254 255 255 193 152 255
255 152 146 193 193 193 193 193 193 193 193 193 193 146 152 255
255 214 152 152 152 152 152 152 152 152 152 152 152 152 214 255
255 255 255 255 255 255 255 255 255 255 255 255 255 255 255 255
255 255 255 255 255 255 255 255 255 255 255 255 255 255 255 255
255 214 152 152 152 152 152 152 152 152 152 152 152 152 214 255
255 152 146 193 193 193 193 193 193 193 193 193 193 146 152 255
255 152 193 255 255 254 243 234 234 243 254 255 255 193 152 255
255 152 193 255 250 225 218 218 218 218 225 251 255 193 152 255
255 152 193 254 225 218 216 187 187 216 218 225 254 193 152 255
255 152 193 243 218 216 130 125  97 130 217 218 243 193 152 255
255 152 193 234 218 187 147 170 130 126 188 218 234 193 152 255
255 152 193 234 218 187 144 169 126 123 188 218 234 193 152 255
255 152 193 243 218 216 130 122  97 130 217 218 243 193 152 255
255 152 193 254 225 218 217 188 188 217 218 225 254 193 152 255
255 152 193 255 251 225 218 218 218 218 225 251 255 193 152 255
255 152 193 255 255 254 243 234 234 243 254 255 255 193 152 255
255 152 146 193 193 193 193 193 193 193 193 193 193 146 152 255
255 214 152 152 152 152 152 152 152 152 152 152 152 152 214 255
255 255 255 255 255 255 255 255 255 255 255 255 255 255 255 255
255 255 255 255 255 255 255 255 255 255 255 255 255 255 255 255
255 214 152 152 152 152 152 152 152 152 152 152 152 152 214 255
255 152 146 193 193 193 193 193 193 193 193 193 193 146 152 255
255 152 193 255 255 253 206 170 170 206 253 255 255 193 152 255
255 152 193 255 238 128  97  97  97  97 128 238 255 193 152 255
255 152 193 253 128  97  98 131 131  98  97 128 253 193 152 255
255 152 193 206  97  98 198 204 237 198  98  97 206 193 152 255
255 152 193 170  97 131 177 151 199 202 130  97 171 193 152 255
255 152 193 170  97 131 181 152 203 206 130  97 171 193 152 255
255 152 193 206  97  98 198 207 236 198  98  97 206 193 152 255
255 152 193 253 128  97  98 130 130  98  97 129 253 193 152 255
255 152 193 255 238 128  97  97  97  97 129 238 255 193 152 255
255 152 193 255 255 253 206 170 171 206 253 255 255 193 152 255
255 152 146 193 193 193 193 193 193 193 193 193 193 146 152 255
255 214 152 152 152 152 152 152 152 152 152 152 152 152 214 255
255 255 255 255 255 255 255 255 255 255 255 255 255 255 255 255

255 255 255 255 255 255 255 255 255 255 255 255 255 255 255 255
255 214 152 152 152 152 152 152 152 152 152 152 152 152 214 255
255 152 146 193 193 193 193 193 193 193 193 193 193 146 152 255
255 152 193 255 255 254 253 252 252 253 254 255 255 193 152 255
255 152 193 255 254 251 251 251 251 251 251 254 255 193 152 255
255 152 193 254 251 251 249 199 199 249 251 251 254 193 152 255
255 152 193 253 251 249  98  92  86  98 249 251 253 193 152 255
255 152 193 252 251 198  40  97  91  40 199 251 252 193 152 255
255 152 193 252 251 198  89 167 166  84 199 251 252 193 152 255
255 152 193 253 251 249  98 128 122  98 249 251 253 193 152 255
255 152 193 254 251 251 249 198 198 249 251 251 254 193 152 255
255 152 193 255 254 251 251 251 251 251 251 254 255 193 152 255
255 152 193 255 255 254 253 252 252 253 254 255 255 193 152 255
255 152 146 193 193 193 193 193 193 193 193 193 193 146 152 255
255 214 152 152 152 152 152 152 152 152 152 152 152 152 214 255
255 255 255 255 255 255 255 255 255 255 255 255 255 255 255 255
255 255 255 255 255 255 255 255 255 255 255 255 255 255 255 255
255 214 152 152 152 152 152 152 152 152 152 152 152 152 214 255
255 152 146 193 193 193 193 193 193 193 193 193 193 146 152 255
255 152 193 255 255 254 243 234 234 243 254 255 255 193 152 255
255 152 193 255 251 225 218 218 218 218 225 251 255 193 152 255
255 152 193 254 225 218 217 188 188 217 218 225 254 193 152 255
255 152 193 243 218 216 130 126 123 130 217 218 243 193 152 255
255 152 193 234 218 187  97 130 126  97 188 218 234 193 152 255
255 152 193 234 218 187 125 170 169 122 188 218 234 193 152 255
255 152 193 243 218 216 130 147 144 130 217 218 243 193 152 255
255 152 193 254 225 218 216 187 187 216 218 225 254 193 152 255
255 152 193 255 250 225 218 218 218 218 225 251 255 193 152 255
255 152 193 255 255 254 243 234 234 243 254 255 255 193 152 255
255 152 146 193 193 193 193 193 193 193 193 193 193 146 152 255
255 214 152 152 152 152 152 152 152 152 152 152 152 152 214 255
255 255 255 255 255 255 255 255 255 255 255 255 255 255 255 255
255 255 255 255 255 255 255 255 255 255 255 255 255 255 255 255
255 214 152 152 152 152 152 152 152 152 152 152 152 152 214 255
255 152 146 193 193 193 193 193 193 193 193 193 193 146 152 255
255 152 193 255 255 253 206 171 171 206 253 255 255 193 152 255
255 152 193 255 238 128  97  97  97  97 129 238 255 193 152 255
255 152 193 253 128  97  98 130 130  98  97 129 253 193 152 255
255 152 193 206  97  98 198 202 206 198  98  97 206 193 152 255
255 152 193 170  97 131 237 199 203 236 130  97 171 193 152 255
255 152 193 170  97 131 204 151 152 207 130  97 170 193 152 255
255 152 193 206  97  98 198 177 181 198  98  97 206 193 152 255
255 152 193 253 128  97  98 131 131  98  97 128 253 193 152 255
255 152 193 255 238 128  97  97  97  97 128 238 255 193 152 255
255 152 193 255 255 253 206 170 170 206 253 255 255 193 152 255
255 152 146 193 193 193 193 193 193 193 193 193 193 146 152 255
255 214 152 152 152 152 152 152 152 152 152 152 152 152 214 255
255 255 255 255 255 255 255 255 255 255 255 255 255 255 255 255
